0.5
0.5003663
0.5007326
0.501098899
0.501465197
0.501831494
0.502197788
0.50256408
0.502930369
0.503296656
0.503662938
0.504029217
0.504395491
0.504761761
0.505128025
0.505494284
0.505860537
0.506226784
0.506593024
0.506959258
0.507325483
0.507691701
0.50805791
0.508424111
0.508790303
0.509156485
0.509522658
0.50988882
0.510254972
0.510621113
0.510987242
0.51135336
0.511719465
0.512085558
0.512451637
0.512817704
0.513183757
0.513549795
0.513915819
0.514281828
0.514647822
0.5150138
0.515379762
0.515745708
0.516111636
0.516477548
0.516843441
0.517209317
0.517575174
0.517941012
0.518306831
0.518672631
0.51903841
0.519404169
0.519769907
0.520135624
0.52050132
0.520866993
0.521232644
0.521598273