100000000000
100000000001
100000000011
100000000100
100000000110
100000000111
100000001001
100000001010
100000001100
100000001101
100000001111
100000010000
100000010010
100000010011
100000010101
100000010110
100000011000
100000011001
100000011011
100000011100
100000011110
100000011111
100000100001
100000100010
100000100100
100000100101
100000100111
100000101000
100000101010
100000101011
100000101101
100000101110
100000110000
100000110001
100000110011
100000110100
100000110110
100000110111
100000111000
100000111010
100000111011
100000111101
100000111110
100001000000
100001000001
100001000011
100001000100
100001000110
100001000111
100001001001
100001001010
100001001100
100001001101
100001001111
100001010000
100001010010
100001010011
100001010101
100001010110
100001011000